# secret code = [3, 2, 4, 2, 1]
board_40 = [
    [9, 7, 9, 7, 1], 1, 0,
    [2, 4, 1, 8, 2], 0, 4,
    [7, 1, 9, 6, 2], 0, 2,
    [6, 0, 7, 8, 4], 0, 1,
    [8, 4, 2, 8, 5], 0, 2,
    [7, 1, 2, 4, 7], 0, 3,
    [4, 1, 3, 6, 4], 0, 3,
    [4, 8, 9, 0, 1], 1, 1,
    [8, 1, 8, 2, 0], 1, 1,
    [9, 5, 8, 8, 5], 0, 0,
    [0, 1, 9, 6, 3], 0, 2,
    [6, 4, 1, 0, 7], 0, 2,
    [1, 5, 6, 4, 6], 0, 2,
    [6, 2, 0, 9, 1], 2, 0,
    [1, 3, 5, 3, 8], 0, 2,
    [2, 9, 6, 9, 2], 0, 2,
    [8, 4, 4, 0, 2], 1, 1,
    [1, 0, 6, 5, 1], 1, 0,
    [2, 3, 8, 1, 8], 0, 3,
    [6, 4, 2, 4, 8], 0, 2,
    [5, 2, 0, 0, 2], 1, 1,
    [4, 8, 9, 5, 0], 0, 1,
    [4, 5, 9, 2, 6], 1, 1,
    [8, 5, 2, 0, 3], 0, 2,
    [1, 9, 0, 4, 6], 0, 2,
    [5, 7, 4, 0, 3], 1, 1,
    [7, 8, 8, 9, 7], 0, 0,
    [9, 1, 9, 2, 9], 1, 1,
    [2, 8, 4, 8, 1], 2, 1,
    [0, 1, 8, 7, 2], 0, 2,
    [3, 4, 1, 5, 3], 1, 2,
    [2, 5, 1, 5, 9], 0, 2,
    [7, 0, 5, 8, 4], 0, 1,
    [3, 2, 7, 4, 1], 3, 1,
    [2, 8, 2, 9, 2], 0, 2,
    [8, 8, 8, 5, 0], 0, 0,
    [5, 8, 6, 6, 7], 0, 0,
    [2, 5, 8, 2, 8], 1, 1,
    [7, 6, 2, 4, 9], 0, 2,
    [6, 9, 1, 9, 5], 0, 1,
]
